 a = [1:100];
>> b = [1:100]';
>> c = a * b

c =

      338350
